0.11,0.7202477601378626,0.004932153523153036,0.0026864587200982728,30,0.0026864587200982728
0.21000000000000002,0.7347830538011447,0.0048629378390421685,0.005853617679844946,30,0.0031671589597466734
0.31,0.7496116836933896,0.004792325315745763,0.009535134695377125,30,0.0036815170155321784
0.41000000000000003,0.7647395696222888,0.004720287763703385,0.013757733318014614,30,0.0042225986226374895
0.51,0.7801727508629557,0.004646796424462117,0.018540045600254653,30,0.004782312282240039
0.61,0.7959173885688934,0.004571821959195748,0.023891742025854708,30,0.005351696425600055
0.7100000000000001,0.8119797682316181,0.0044953344369922975,0.029812981557158474,30,0.005921239531303767
0.81,0.8283663021899204,0.004417303322905144,0.03629419448531164,30,0.0064812129281531655
0.91,0.8450835321897648,0.004337697465763027,0.04331619166364057,30,0.00702199717832893
1.01,0.862138131995852,0.004256485085734041,0.05085057707979555,30,0.007534385416154983
1.11,0.8795369100558831,0.004173633761638655,0.05886042746938028,30,0.008009850389584725
1.21,0.897286812218593,0.004089110418006705,0.06730119324949267,30,0.008440765780112394
1.31,0.9153949245066354,0.004002881311873169,0.07612176952006504,30,0.008820576270572367
1.4100000000000001,0.9338684759454279,0.003914912019307489,0.08526568399069638,30,0.009143914470631342
1.51,0.952714841449085,0.003825167421671027,0.09467234995857447,30,0.009406665967878092
1.61,0.9719415447645929,0.003733611691597181,0.10427833626636107,30,0.009605986307786599
1.71,0.9915562614753998,0.003640208278688576,0.11401861182919021,30,0.009740275562829137
1.81,1.0115668220656227,0.00354491989492561,0.12382772916676292,30,0.009809117337572712
1.9100000000000001,1.0319812150460914,0.00344770849978052,0.1336409188021308,30,0.009813189635367883
2.01,1.052807590143481,0.003348535285031047,0.14339507387337455,30,0.009754155071243747
2.11,1.0740542615538007,0.003247360659267621,0.15302961144081556,30,0.00963453756744101
2.21,1.0957297112615456,0.003144144232087884,0.16248720346084625,30,0.009457592020030686
2.31,1.117842592425829,0.0030388447979722492,0.17171437604716394,30,0.009227172586317695
2.4099999999999997,1.1404017328348512,0.0029314203198340474,0.18066198034984934,30,0.008947604302685402
2.51,1.1634161384300832,0.0028218279122377036,0.1892855421306977,30,0.00862356178084836
2.61,1.1868949969015707,0.0027100238242782388,0.1975454999358868,30,0.008259957805189094
2.71,1.2108476813557962,0.0025959634221152626,0.20540734374406955,30,0.00786184380818275
2.81,1.2352837540575592,0.0024796011711544874,0.2128416672101192,30,0.007434323466049664
2.9099999999999997,1.2602129702473763,0.0023608906178696452,0.2198241472555545,30,0.00698248004543528
3.01,1.2856452820359148,0.0022397843712575576,0.22633546491358303,30,0.006511317658028537
3.11,1.3115908423770235,0.002116234083918946,0.2323611811541456,30,0.006025716240562584
3.21,1.33806000912094,0.0019901904327574386,0.23789158103326472,30,0.005530399879119102
3.31,1.33806000912094,0.0019901904327574386,0.23789158103326472,30,-0.001
3.4099999999999997,1.33806000912094,0.0019901904327574386,0.23789158103326472,30,-0.001
3.51,1.33806000912094,0.0019901904327574386,0.23789158103326472,30,-0.001
3.61,1.33806000912094,0.0019901904327574386,0.23789158103326472,30,-0.001
3.71,1.33806000912094,0.0019901904327574386,0.23789158103326472,30,-0.001
3.81,1.33806000912094,0.0019901904327574386,0.23789158103326472,30,-0.001
3.9099999999999997,1.33806000912094,0.0019901904327574386,0.23789158103326472,30,-0.001
4.01,1.3623386718056878,0.0034176297811755506,0.24727262139066122,30,0.009381040357396508
4.109999999999999,1.3898319786363136,0.006245003483854733,0.2604675374069246,30,0.013194916016263353
4.21,1.4178801268849555,0.006111440873146914,0.27421766822242194,30,0.013750130815497363
4.31,1.4464943137859456,0.005975182840285056,0.2884337436719211,30,0.014216075449499155
0,0.7,0.005,0.0
1,0.7013999999999999,0.004993333333333333,0.00023606424607014803
2,0.7028028,0.004986653333333333,0.0004764666047604687
3,0.7042084056,0.004979959973333333,0.000721248942799405
4,0.7056168224111999,0.0049732532266133335,0.0009704527373289224
5,0.7070280560560224,0.004966533066399894,0.0012241190597028963
6,0.7084421121681345,0.004959799465866027,0.0014822885593799246
7,0.7098589963924707,0.004953052398131093,0.0017450014478738165
8,0.7112787143852557,0.0049462918362606885,0.002012297482831864
9,0.7127012718140262,0.004939517753266543,0.002284215952245311
10,0.7141266743576543,0.012443941768422008,0.0025607956587407597
11,0.7155549277063696,0.012437140561999554,0.0025607956587407597
12,0.7169860375617824,0.012430325753164256,0.0025607956587407597
13,0.7184200096369059,0.012423497314711287,0.0025607956587407597
14,0.7198568496561797,0.012416655219381411,0.0025607956587407597
15,0.7212965633554921,0.012409799439860876,0.0025607956587407597
16,0.7227391564822031,0.0124029299487813,0.0025607956587407597
17,0.7241846347951675,0.012396046718719566,0.0025607956587407597
18,0.7256330040647578,0.012389149722197706,0.0025607956587407597
19,0.7270842700728873,0.012382238931682804,0.0025607956587407597
20,0.7285384386130331,0.01775026941678875,0.0025607956587407597
21,0.7299955154902592,0.017743330955468626,0.0025607956587407597
22,0.7314555065212397,0.01773637861722586,0.0025607956587407597
23,0.7329184175342822,0.01772941237430661,0.0025607956587407597
24,0.7343842543693507,0.01772243219890152,0.0025607956587407597
25,0.7358530228780894,0.01771543806314562,0.0025607956587407597
26,0.7373247289238456,0.01770842993911821,0.0025607956587407597
27,0.7387993783816933,0.017701407798842748,0.0025607956587407597
28,0.7402769771384566,0.017694371614286733,0.0025607956587407597
29,0.7417575310927336,0.017687321357361604,0.0025607956587407597
30,0.743241046154919,0.0217202248749323,0.0025607956587407597
31,0.7447275282472289,0.021713146388778443,0.0025607956587407597
32,0.7462169833037233,0.02170605374565228,0.0025607956587407597
33,0.7477094172703308,0.021698946917239864,0.0025607956587407597
34,0.7492048361048714,0.02169182587517062,0.0025607956587407597
35,0.7507032457770811,0.02168469059101724,0.0025607956587407597
36,0.7522046522686353,0.021677541036295555,0.0025607956587407597
37,0.7537090615731726,0.021670377182464427,0.0025607956587407597
38,0.755216479696319,0.021663199000925636,0.0025607956587407597
39,0.7567269126557117,0.021656006463023767,0.0025607956587407597
40,0.7582403664810231,0.02479893292448542,0.0025607956587407597
41,0.7597568472139852,0.024791711587661792,0.0025607956587407597
42,0.7612763609084131,0.024784475808164515,0.0025607956587407597
43,0.7627989136302299,0.024777225557108245,0.0025607956587407597
44,0.7643245114574904,0.02476996080554986,0.0025607956587407597
45,0.7658531604804053,0.02476268152448836,0.0025607956587407597
46,0.7673848668013661,0.024755387684864738,0.0025607956587407597
47,0.7689196365349689,0.024748079257561867,0.0025607956587407597
48,0.7704574758080388,0.02474075621340439,0.0025607956587407597
49,0.7719983907596549,0.0247334185231586,0.0025607956587407597
50,0.7735423875411742,0.027253459541779088,0.0025607956587407597
51,0.7750894723162566,0.027246092471421554,0.0025607956587407597
52,0.7766396512608891,0.027238710666923304,0.0025607956587407597
53,0.7781929305634109,0.02723131409881606,0.0025607956587407597
54,0.7797493164245377,0.027223902737572598,0.0025607956587407597
55,0.7813088150573868,0.02721647655360665,0.0025607956587407597
56,0.7828714326875016,0.02720903551727277,0.0025607956587407597
57,0.7844371755528766,0.02720157959886622,0.0025607956587407597
58,0.7860060499039824,0.02719410876862286,0.0025607956587407597
59,0.7875780620037903,0.027186622996719013,0.0025607956587407597
60,0.7891532181277979,0.02925374750297396,0.0025607956587407597
61,0.7907315245640535,0.02924623175803941,0.0025607956587407597
62,0.7923129876131816,0.02923870098161499,0.0025607956587407597
63,0.7938976135884079,0.02923115514363772,0.0025607956587407597
64,0.7954854088155847,0.0292235942139845,0.0025607956587407597
65,0.7970763796332159,0.02921601816247197,0.0025607956587407597
66,0.7986705323924823,0.029208426958856417,0.0025607956587407597
67,0.8002678734572672,0.02920082057283363,0.0025607956587407597
68,0.8018684092041818,0.029193198974038798,0.0025607956587407597
69,0.8034721460225902,0.029185562132046376,0.0025607956587407597
70,0.8050790903146354,0.030913084181672473,0.0025607956587407597
71,0.8066892484952647,0.030905416761764715,0.0025607956587407597
72,0.8083026269922552,0.03089773400701714,0.0025607956587407597
73,0.8099192322462397,0.03089003588676007,0.0025607956587407597
74,0.8115390707107322,0.030882322370262488,0.0025607956587407597
75,0.8131621488521537,0.03087459342673191,0.0025607956587407597
76,0.8147884731498579,0.03086684902531427,0.0025607956587407597
77,0.8164180500961576,0.030859089135093797,0.0025607956587407597
78,0.8180508861963499,0.03085131372509288,0.0025607956587407597
79,0.8196869879687426,0.030843522764271963,0.0025607956587407597
80,0.8213263619446801,0.032309891896796374,0.0025607956587407597
81,0.8229690146685695,0.03230206974096833,0.0025607956587407597
82,0.8246149526979066,0.03229423194082863,0.0025607956587407597
83,0.8262641826033025,0.03228637846508865,0.0025607956587407597
84,0.827916710968509,0.03227850928239719,0.0025607956587407597
85,0.829572544390446,0.03227062436134035,0.0025607956587407597
86,0.8312316894792269,0.0322627236704414,0.0025607956587407597
87,0.8328941528581854,0.03225480717816064,0.0025607956587407597
88,0.8345599411639018,0.032246874852895326,0.0025607956587407597
89,0.8362290610462295,0.03223892666297948,0.0025607956587407597
90,0.837901519168322,0.0335001795354921,0.0025607956587407597
91,0.8395773222066587,0.03349219952102383,0.0025607956587407597
92,0.8412564768510721,0.03348420354652662,0.0025607956587407597
93,0.8429389898047742,0.03347619158008042,0.0025607956587407597
94,0.8446248677843837,0.033468163589701325,0.0025607956587407597
95,0.8463141175199524,0.03346011954334147,0.0025607956587407597
96,0.8480067457549924,0.0334520594088889,0.0025607956587407597
97,0.8497027592465023,0.033443983154167425,0.0025607956587407597
98,0.8514021647649953,0.03343589074693651,0.0025607956587407597
99,0.8531049690945253,0.03342778215489113,0.0025607956587407597
100,0.8548111790327143,0.03452501352261755,0.0025607956587407597
101,0.8565208013907797,0.03451687246376962,0.0025607956587407597
102,0.8582338429935612,0.03450871512280399,0.0025607956587407597
103,0.8599503106795483,0.034500541467156434,0.0025607956587407597
104,0.8616702113009074,0.03449235146419758,0.0025607956587407597
105,0.8633935517235092,0.03448414508123281,0.0025607956587407597
106,0.8651203388269562,0.034475922285502114,0.0025607956587407597
107,0.8668505795046101,0.03446768304417995,0.0025607956587407597
108,0.8685842806636193,0.034459427324375146,0.0025607956587407597
109,0.8703214492249465,0.03445115509313073,0.0025607956587407597
110,0.8720620921233964,0.034442866317423826,0.0025607956587407597
111,0.8738062163076431,0.03443456096416551,0.0025607956587407597
112,0.8755538287402584,0.03442623900020067,0.0025607956587407597
113,0.877304936397739,0.0344179003923079,0.0025607956587407597
114,0.8790595462705345,0.03440954510719935,0.0025607956587407597
115,0.8808176653630756,0.034401173111520585,0.0025607956587407597
116,0.8825793006938017,0.03439278437185046,0.0025607956587407597
117,0.8843444592951893,0.034384378854701,0.0025607956587407597
118,0.8861131482137797,0.03437595652651723,0.0025607956587407597
119,0.8878853745102073,0.0343675173536771,0.0025607956587407597
120,0.8896611452592278,0.03435906130249129,0.0025607956587407597
121,0.8914404675497463,0.03435058833920311,0.0025607956587407597
122,0.8932233484848457,0.03434209842998835,0.0025607956587407597
123,0.8950097951818154,0.034333591540955166,0.0025607956587407597
124,0.8967998147721791,0.034325067638143913,0.0025607956587407597
125,0.8985934144017235,0.034316526687527035,0.0025607956587407597
126,0.9003906012305269,0.03430796865500892,0.0025607956587407597
127,0.902191382432988,0.034299393506425774,0.0025607956587407597
128,0.903995765197854,0.03429080120754546,0.0025607956587407597
129,0.9058037567282496,0.034282191724067386,0.0025607956587407597
130,0.9076153642417062,0.034273565021622356,0.0025607956587407597
131,0.9094305949701896,0.03426492106577243,0.0025607956587407597
132,0.91124945616013,0.03425625982201081,0.0025607956587407597
133,0.9130719550724502,0.03424758125576167,0.0025607956587407597
134,0.9148980989825951,0.03423888533238002,0.0025607956587407597
135,0.9167278951805603,0.03423017201715162,0.0025607956587407597
136,0.9185613509709214,0.03422144127529275,0.0025607956587407597
137,0.9203984736728632,0.03421269307195017,0.0025607956587407597
138,0.9222392706202089,0.034203927372200904,0.0025607956587407597
139,0.9240837491614493,0.03419514414105214,0.0025607956587407597
140,0.9259319166597723,0.034186343343441075,0.0025607956587407597
141,0.9277837804930918,0.03417752494423479,0.0025607956587407597
142,0.929639348054078,0.03416868890823009,0.0025607956587407597
143,0.9314986267501861,0.034159835200153386,0.0025607956587407597
144,0.9333616240036865,0.03415096378466053,0.0025607956587407597
145,0.9352283472516939,0.034142074626336685,0.0025607956587407597
146,0.9370988039461973,0.034133167689696195,0.0025607956587407597
147,0.9389730015540897,0.03412424293918242,0.0025607956587407597
148,0.9408509475571979,0.03411530033916762,0.0025607956587407597
149,0.9427326494523123,0.03410633985395279,0.0025607956587407597
150,0.9446181147512169,0.03409736144776753,0.0025607956587407597
151,0.9465073509807194,0.0340883650847699,0.0025607956587407597
152,0.9484003656826808,0.034079350729046276,0.0025607956587407597
153,0.9502971664140462,0.0340703183446112,0.0025607956587407597
154,0.9521977607468742,0.03406126789540726,0.0025607956587407597
155,0.954102156268368,0.03405219934530491,0.0025607956587407597
156,0.9560103605809047,0.03404311265810235,0.0025607956587407597
157,0.9579223813020665,0.03403400779752539,0.0025607956587407597
158,0.9598382260646706,0.03402488472722728,0.0025607956587407597
159,0.9617579025167999,0.034015743410788564,0.0025607956587407597
160,0.9636814183218335,0.03400658381171698,0.0025607956587407597
161,0.9656087811584771,0.03399740589344725,0.0025607956587407597
162,0.9675399987207941,0.03398820961934098,0.0025607956587407597
163,0.9694750787182357,0.0339789949526865,0.0025607956587407597
164,0.9714140288756722,0.033969761856698706,0.0025607956587407597
165,0.9733568569334236,0.033960510294518936,0.0025607956587407597
166,0.9753035706472905,0.03395124022921481,0.0025607956587407597
167,0.977254177788585,0.033941951623780074,0.0025607956587407597
168,0.9792086861441622,0.03393264444113447,0.0025607956587407597
169,0.9811671035164505,0.03392331864412357,0.0025607956587407597
170,0.9831294377234835,0.03391397419551865,0.0025607956587407597
171,0.9850956965989305,0.03390461105801652,0.0025607956587407597
172,0.9870658879921284,0.03389522919423939,0.0025607956587407597
173,0.9890400197681126,0.0338858285667347,0.0025607956587407597
174,0.9910180998076489,0.033876409137975,0.0025607956587407597
175,0.9930001360072642,0.03386697087035779,0.0025607956587407597
176,0.9949861362792788,0.03385751372620534,0.0025607956587407597
177,0.9969761085518374,0.033848037667764584,0.0025607956587407597
178,0.998970060768941,0.03383854265720695,0.0025607956587407597
179,1.0009680008904789,0.03382902865662819,0.0025607956587407597
180,1.0029699368922598,0.033819495628048285,0.0025607956587407597
181,1.0049758767660444,0.03380994353341121,0.0025607956587407597
182,1.0069858285195765,0.03380037233458487,0.0025607956587407597
183,1.0089998001766156,0.03379078199336087,0.0025607956587407597
184,1.011017799776969,0.03378117247145443,0.0025607956587407597
185,1.0130398353765229,0.03377154373050417,0.0025607956587407597
186,1.0150659150472758,0.033761895732072014,0.0025607956587407597
187,1.0170960468773704,0.03375222843764299,0.0025607956587407597
188,1.0191302389711252,0.03374254180862511,0.0025607956587407597
189,1.0211684994490675,0.0337328358063492,0.0025607956587407597
190,1.0232108364479657,0.03372311039206873,0.0025607956587407597
191,1.0252572581208617,0.03371336552695971,0.0025607956587407597
192,1.0273077726371034,0.03370360117212046,0.0025607956587407597
193,1.0293623881823777,0.033693817288571536,0.0025607956587407597
194,1.0314211129587425,0.033684013837255514,0.0025607956587407597
195,1.03348395518466,0.033674190779036856,0.0025607956587407597
196,1.0355509230950293,0.03366434807470176,0.0025607956587407597
197,1.0376220249412194,0.033654485684958,0.0025607956587407597
198,1.0396972689911017,0.03364460357043475,0.0025607956587407597
199,1.041776663529084,0.03363470169168246,0.0025607956587407597
200,1.0438602168561422,0.033624780009172656,0.0025607956587407597
201,1.0459479372898544,0.03361483848329783,0.0025607956587407597
202,1.048039833164434,0.033604877074371264,0.0025607956587407597
203,1.050135912830763,0.03359489574262684,0.0025607956587407597
204,1.0522361846564245,0.03358489444821893,0.0025607956587407597
205,1.0543406570257374,0.033574873151222207,0.0025607956587407597
206,1.0564493383397888,0.03356483181163149,0.0025607956587407597
207,1.0585622370164685,0.03355477038936158,0.0025607956587407597
208,1.0606793614905015,0.03354468884424714,0.0025607956587407597
209,1.0628007202134824,0.03353458713604247,0.0025607956587407597
210,1.0649263216539093,0.03352446522442139,0.0025607956587407597
211,1.067056174297217,0.033514323068977066,0.0025607956587407597
212,1.0691902866458116,0.03350416062922185,0.0025607956587407597
213,1.0713286672191031,0.03349397786458713,0.0025607956587407597
214,1.0734713245535414,0.03348377473442314,0.0025607956587407597
215,1.0756182672026484,0.03347355119799882,0.0025607956587407597
216,1.0777695037370536,0.03346330721450166,0.0025607956587407597
217,1.0799250427445277,0.033453042743037495,0.0025607956587407597
218,1.0820848928300169,0.033442757742630405,0.0025607956587407597
219,1.0842490626156769,0.0334324521722225,0.0025607956587407597
220,1.0864175607409083,0.03342212599067378,0.0025607956587407597
221,1.0885903958623901,0.03341177915676197,0.0025607956587407597
222,1.090767576654115,0.03340141162918232,0.0025607956587407597
223,1.0929491118074233,0.03339102336654752,0.0025607956587407597
224,1.0951350100310382,0.033380614327387446,0.0025607956587407597
225,1.0973252800511002,0.033370184470149056,0.0025607956587407597
226,1.0995199306112025,0.03335973375319619,0.0025607956587407597
227,1.1017189704724248,0.03334926213480942,0.0025607956587407597
228,1.1039224084133696,0.03333876957318587,0.0025607956587407597
229,1.1061302532301964,0.033328256026439074,0.0025607956587407597
230,1.1083425137366567,0.033317721452598786,0.0025607956587407597
231,1.1105591987641301,0.033307165809610816,0.0025607956587407597
232,1.1127803171616584,0.03329658905533687,0.0025607956587407597
233,1.1150058777959817,0.03328599114755438,0.0025607956587407597
234,1.1172358895515737,0.03327537204395632,0.0025607956587407597
235,1.119470361330677,0.03326473170215107,0.0025607956587407597
236,1.1217093020533382,0.03325407007966221,0.0025607956587407597
237,1.123952720657445,0.03324338713392837,0.0025607956587407597
238,1.1262006260987598,0.03323268282230306,0.0025607956587407597
239,1.1284530273509574,0.0332219571020545,0.0025607956587407597
240,1.1307099334056594,0.03321120993036544,0.0025607956587407597
241,1.1329713532724708,0.03320044126433301,0.0025607956587407597
242,1.1352372959790158,0.03318965106096851,0.0025607956587407597
243,1.1375077705709737,0.03317883927719728,0.0025607956587407597
244,1.1397827861121157,0.03316800586985851,0.0025607956587407597
245,1.14206235168434,0.03315715079570506,0.0025607956587407597
246,1.1443464763877087,0.033146274011403305,0.0025607956587407597
247,1.1466351693404842,0.033135375473532944,0.0025607956587407597
248,1.148928439679165,0.03312445513858684,0.0025607956587407597
249,1.1512262965585234,0.03311351296297085,0.0025607956587407597
250,1.1535287491516404,0.033102548903003626,0.0025607956587407597
251,1.1558358066499437,0.03309156291491647,0.0025607956587407597
252,1.1581474782632435,0.03308055495485313,0.0025607956587407597
253,1.16046377321977,0.033069524978869676,0.0025607956587407597
254,1.1627847007662095,0.03305847294293425,0.0025607956587407597
255,1.165110270167742,0.03304739880292695,0.0025607956587407597
256,1.1674404907080775,0.03303630251463964,0.0025607956587407597
257,1.1697753716894936,0.03302518403377575,0.0025607956587407597
258,1.1721149224328726,0.03301404331595014,0.0025607956587407597
259,1.1744591522777383,0.033002880316688875,0.0025607956587407597
260,1.1768080705822939,0.03299169499142909,0.0025607956587407597
261,1.1791616867234584,0.03298048729551878,0.0025607956587407597
262,1.1815200100969054,0.03296925718421665,0.0025607956587407597
263,1.1838830501170992,0.03295800461269192,0.0025607956587407597
264,1.1862508162173333,0.032946729536024136,0.0025607956587407597
265,1.188623317849768,0.03293543190920302,0.0025607956587407597
266,1.1910005644854675,0.03292411168712826,0.0025607956587407597
267,1.1933825656144386,0.032912768824609355,0.0025607956587407597
268,1.1957693307456674,0.032901403276365405,0.0025607956587407597
269,1.1981608694071588,0.03289001499702497,0.0025607956587407597
270,1.2005571911459731,0.03287860394112586,0.0025607956587407597
271,1.202958305528265,0.032867170063114945,0.0025607956587407597
272,1.2053642221393217,0.03285571331734801,0.0025607956587407597
273,1.2077749505836004,0.03284423365808954,0.0025607956587407597
274,1.2101905004847675,0.03283273103951256,0.0025607956587407597
275,1.212610881485737,0.03282120541569842,0.0025607956587407597
276,1.2150361032487085,0.03280965674063665,0.0025607956587407597
277,1.2174661754552059,0.032798084968224755,0.0025607956587407597
278,1.2199011078061162,0.03278649005226804,0.0025607956587407597
279,1.2223409100217284,0.032774871946479406,0.0025607956587407597
280,1.2247855918417718,0.0327632306044792,0.0025607956587407597
281,1.2272351630254554,0.03275156597979499,0.0025607956587407597
282,1.2296896333515064,0.03273987802586142,0.0025607956587407597
283,1.2321490126182093,0.032728166696019974,0.0025607956587407597
284,1.2346133106434458,0.03271643194351885,0.0025607956587407597
285,1.2370825372647327,0.03270467372151272,0.0025607956587407597
286,1.2395567023392622,0.03269289198306258,0.0025607956587407597
287,1.2420358157439406,0.032681086681135535,0.0025607956587407597
288,1.2445198873754284,0.03266925776860464,0.0025607956587407597
289,1.2470089271501792,0.03265740519824868,0.0025607956587407597
290,1.2495029450044794,0.032645528922752014,0.0025607956587407597
291,1.2520019508944884,0.03263362889470435,0.0025607956587407597
292,1.2545059547962774,0.032621705066600594,0.0025607956587407597
293,1.2570149667058699,0.03260975739084063,0.0025607956587407597
294,1.2595289966392815,0.03259778581972914,0.0025607956587407597
295,1.26204805463256,0.03258579030547543,0.0025607956587407597
296,1.2645721507418253,0.03257377080019322,0.0025607956587407597
297,1.267101295043309,0.03256172725590044,0.0025607956587407597
298,1.2696354976333954,0.03254965962451908,0.0025607956587407597
299,1.2721747686286622,0.03253756785787495,0.0025607956587407597
300,1.2747191181659194,0.03252545190769753,0.0025607956587407597
301,1.2772685564022512,0.03251331172561976,0.0025607956587407597
302,1.2798230935150556,0.032501147263177835,0.0025607956587407597
303,1.2823827397020857,0.032488958471811026,0.0025607956587407597
304,1.2849475051814898,0.03247674530286148,0.0025607956587407597
305,1.2875174001918528,0.03246450770757404,0.0025607956587407597
306,1.2900924349922365,0.03245224563709602,0.0025607956587407597
307,1.292672619862221,0.03243995904247705,0.0025607956587407597
308,1.2952579651019454,0.032427647874668834,0.0025607956587407597
309,1.2978484810321493,0.03241531208452501,0.0025607956587407597
310,1.3004441779942137,0.032402951622800893,0.0025607956587407597
311,1.3030450663502022,0.032390566440153326,0.0025607956587407597
312,1.3056511564829025,0.032378156487140465,0.0025607956587407597
313,1.3082624587958684,0.03236572171422158,0.0025607956587407597
314,1.3108789837134602,0.03235326207175686,0.0025607956587407597
315,1.3135007416808873,0.032340777510007204,0.0025607956587407597
316,1.316127743164249,0.03232826797913405,0.0025607956587407597
317,1.3187599986505776,0.032315733429199155,0.0025607956587407597
318,1.3213975186478788,0.032303173810164384,0.0025607956587407597
319,1.3240403136851746,0.03229058907189155,0.0025607956587407597
320,1.326688394312545,0.03227797916414217,0.0025607956587407597
321,1.32934177110117,0.03226534403657729,0.0025607956587407597
322,1.3320004546433724,0.03225268363875728,0.0025607956587407597
323,1.334664455552659,0.03223999792014163,0.0025607956587407597
324,1.3373337844637643,0.03222728683008875,0.0025607956587407597
325,1.3400084520326918,0.03221455031785576,0.0025607956587407597
326,1.342688468936757,0.032201788332598305,0.0025607956587407597
327,1.3453738458746305,0.03218900082337033,0.0025607956587407597
328,1.3480645935663798,0.03217618773912391,0.0025607956587407597
329,1.3507607227535126,0.032163349028708994,0.0025607956587407597
330,1.3534622441990196,0.03215048464087324,0.0025607956587407597
331,1.3561691686874175,0.03213759452426183,0.0025607956587407597
332,1.3588815070247924,0.032124678627417184,0.0025607956587407597
333,1.361599270038842,0.03211173689877885,0.0025607956587407597
334,1.3643224685789197,0.032098769286683246,0.0025607956587407597
335,1.3670511135160774,0.03208577573936345,0.0025607956587407597
336,1.3697852157431096,0.03207275620494901,0.0025607956587407597
337,1.372524786174596,0.03205971063146574,0.0025607956587407597
338,1.375269835746945,0.0320466389668355,0.0025607956587407597
339,1.378020375418439,0.03203354115887601,0.0025607956587407597
340,1.380776416169276,0.032020417155300594,0.0025607956587407597
341,1.3835379690016145,0.03200726690371803,0.0025607956587407597
342,1.3863050449396177,0.0319940903516323,0.0025607956587407597
343,1.389077655029497,0.0319808874464424,0.0025607956587407597
344,1.391855810339556,0.031967658135442126,0.0025607956587407597
345,1.394639521960235,0.031954402365819846,0.0025607956587407597
346,1.3974288010041556,0.03194112008465832,0.0025607956587407597
347,1.4002236586061638,0.03192781123893447,0.0025607956587407597
348,1.4030241059233761,0.031914475775519174,0.0025607956587407597
349,1.405830154135223,0.031901113641177044,0.0025607956587407597
350,1.4086418144434933,0.03188772478256623,0.0025607956587407597
351,1.4114590980723802,0.0318743091462382,0.0025607956587407597
352,1.414282016268525,0.03186086667863751,0.0025607956587407597
353,1.417110580301062,0.03184739732610162,0.0025607956587407597
354,1.419944801461664,0.031833901034860654,0.0025607956587407597
355,1.4227846910645874,0.03182037775103721,0.0025607956587407597
356,1.4256302604467166,0.03180682742064612,0.0025607956587407597
357,1.42848152096761,0.03179324998959424,0.0025607956587407597
358,1.4313384840095453,0.031779645403680265,0.0025607956587407597
359,1.4342011609775644,0.03176601360859446,0.0025607956587407597
360,1.4370695632995196,0.03175235454991848,0.0025607956587407597
361,1.4399437024261186,0.03173866817312515,0.0025607956587407597
362,1.442823589830971,0.031724954423578235,0.0025607956587407597
363,1.4457092370106328,0.03171121324653223,0.0025607956587407597
364,1.448600655484654,0.031697444587132126,0.0025607956587407597
365,1.4514978567956234,0.031683648390413224,0.0025607956587407597
366,1.4544008525092147,0.03166982460130088,0.0025607956587407597
367,1.4573096542142332,0.03165597316461032,0.0025607956587407597
368,1.4602242735226616,0.03164209402504638,0.0025607956587407597
369,1.463144722069707,0.031628187127203305,0.0025607956587407597
370,1.4660710115138462,0.031614252415564544,0.0025607956587407597
371,1.469003153536874,0.031600289834502505,0.0025607956587407597
372,1.4719411598439476,0.03158629932827835,0.0025607956587407597
373,1.4748850421636355,0.03157228084104174,0.0025607956587407597
374,1.4778348122479628,0.031558234316830656,0.0025607956587407597
375,1.4807904818724587,0.03154415969957115,0.0025607956587407597
376,1.4837520628362035,0.03153005693307713,0.0025607956587407597
377,1.486719566961876,0.03151592596105012,0.0025607956587407597
378,1.4896930060957998,0.03150176672707906,0.0025607956587407597
379,1.4926723921079914,0.03148757917464005,0.0025607956587407597
380,1.4956577368922075,0.03147336324709616,0.0025607956587407597
381,1.4986490523659919,0.03145911888769719,0.0025607956587407597
382,1.5016463504707238,0.031444846039579415,0.0025607956587407597
383,1.5046496431716652,0.03143054464576541,0.0025607956587407597
384,1.5076589424580085,0.031416214649163776,0.0025607956587407597
385,1.5106742603429244,0.031401855992568936,0.0025607956587407597
386,1.5136956088636102,0.03138746861866091,0.0025607956587407597
387,1.5167230000813374,0.03137305247000507,0.0025607956587407597
388,1.5197564460815,0.031358607489051914,0.0025607956587407597
389,1.522795958973663,0.03134413361813685,0.0025607956587407597
390,1.5258415508916103,0.03132963079947996,0.0025607956587407597
391,1.5288932339933936,0.03131509897518575,0.0025607956587407597
392,1.5319510204613804,0.03130053808724296,0.0025607956587407597
393,1.535014922502303,0.03128594807752428,0.0025607956587407597
394,1.5380849523473077,0.031271328887786165,0.0025607956587407597
395,1.5411611222520023,0.03125668045966857,0.0025607956587407597
396,1.5442434444965063,0.03124200273469474,0.0025607956587407597
397,1.5473319313854994,0.031227295654270962,0.0025607956587407597
398,1.5504265952482703,0.031212559159686338,0.0025607956587407597
399,1.553527448438767,0.031197793192112546,0.0025607956587407597
400,1.5566345033356443,0.031182997692603607,0.0025607956587407597
401,1.5597477723423157,0.03116817260209565,0.0025607956587407597
402,1.5628672678870004,0.031153317861406675,0.0025607956587407597
403,1.5659930024227744,0.031138433411236323,0.0025607956587407597
404,1.56912498842762,0.03112351919216563,0.0025607956587407597
405,1.5722632384044752,0.031108575144656796,0.0025607956587407597
406,1.575407764881284,0.031093601209052944,0.0025607956587407597
407,1.5785585804110467,0.031078597325577884,0.0025607956587407597
408,1.5817156975718687,0.031063563434335875,0.0025607956587407597
409,1.5848791289670123,0.03104849947531138,0.0025607956587407597
410,1.5880488872249463,0.031033405388368837,0.0025607956587407597
411,1.5912249849993962,0.03101828111325241,0.0025607956587407597
412,1.594407434969395,0.031003126589585747,0.0025607956587407597
413,1.597596249839334,0.030987941756871754,0.0025607956587407597
414,1.6007914423390126,0.030972726554492333,0.0025607956587407597
415,1.6039930252236907,0.030957480921708153,0.0025607956587407597
416,1.6072010112741382,0.030942204797658406,0.0025607956587407597
417,1.6104154132966864,0.03092689812136056,0.0025607956587407597
418,1.6136362441232797,0.030911560831710115,0.0025607956587407597
419,1.6168635166115262,0.030896192867480368,0.0025607956587407597
420,1.6200972436447492,0.030880794167322163,0.0025607956587407597
421,1.6233374381320387,0.03086536466976364,0.0025607956587407597
422,1.6265841130083027,0.03084990431321,0.0025607956587407597
423,1.6298372812343194,0.030834413035943253,0.0025607956587407597
424,1.633096955796788,0.030818890776121974,0.0025607956587407597
425,1.6363631497083817,0.030803337471781052,0.0025607956587407597
426,1.6396358760077985,0.03078775306083145,0.0025607956587407597
427,1.642915147759814,0.030772137481059947,0.0025607956587407597
428,1.6462009780553337,0.0307564906701289,0.0025607956587407597
429,1.6494933800114444,0.03074081256557599,0.0025607956587407597
430,1.6527923667714672,0.030725103104813977,0.0025607956587407597
431,1.6560979515050103,0.03070936222513044,0.0025607956587407597
432,1.6594101474080203,0.030693589863687535,0.0025607956587407597
433,1.6627289677028363,0.030677785957521745,0.0025607956587407597
434,1.666054425638242,0.030661950443543622,0.0025607956587407597
435,1.6693865344895185,0.030646083258537543,0.0025607956587407597
436,1.6727253075584976,0.030630184339161454,0.0025607956587407597
437,1.6760707581736145,0.03061425362194661,0.0025607956587407597
438,1.6794228996899618,0.030598291043297338,0.0025607956587407597
439,1.6827817454893417,0.030582296539490766,0.0025607956587407597
440,1.6861473089803203,0.030566270046676582,0.0025607956587407597
441,1.689519603598281,0.03055021150087677,0.0025607956587407597
442,1.6928986428054775,0.03053412083798536,0.0025607956587407597
443,1.6962844400910886,0.030517997993768163,0.0025607956587407597
444,1.6996770089712707,0.030501842903862535,0.0025607956587407597
445,1.7030763629892132,0.030485655503777093,0.0025607956587407597
446,1.7064825157151915,0.03046943572889148,0.0025607956587407597
447,1.7098954807466218,0.030453183514456098,0.0025607956587407597
448,1.713315271708115,0.030436898795591843,0.0025607956587407597
449,1.7167419022515313,0.03042058150728986,0.0025607956587407597
450,1.7201753860560345,0.030404231584411277,0.0025607956587407597
451,1.7236157368281466,0.030387848961686934,0.0025607956587407597
452,1.7270629683018028,0.030371433573717143,0.0025607956587407597
453,1.7305170942384065,0.03035498535497141,0.0025607956587407597
454,1.7339781284268834,0.030338504239788188,0.0025607956587407597
455,1.7374460846837372,0.0303219901623746,0.0025607956587407597
456,1.7409209768531047,0.030305443056806183,0.0025607956587407597
457,1.7444028188068108,0.03028886285702663,0.0025607956587407597
458,1.7478916244444245,0.03027224949684752,0.0025607956587407597
459,1.7513874076933134,0.030255602909948047,0.0025607956587407597
460,1.7548901825087,0.030238923029874777,0.0025607956587407597
461,1.7583999628737175,0.030222209790041362,0.0025607956587407597
462,1.761916762799465,0.03020546312372828,0.0025607956587407597
463,1.765440596325064,0.03018868296408257,0.0025607956587407597
464,1.768971477517714,0.030171869244117567,0.0025607956587407597
465,1.7725094204727496,0.030155021896712635,0.0025607956587407597
466,1.7760544393136952,0.030138140854612895,0.0025607956587407597
467,1.7796065481923227,0.030121226050428954,0.0025607956587407597
468,1.7831657612887073,0.030104277416636644,0.0025607956587407597
469,1.7867320928112846,0.03008729488557675,0.0025607956587407597
470,1.7903055569969073,0.030070278389454738,0.0025607956587407597
471,1.793886168110901,0.03005322786034048,0.0025607956587407597
472,1.797473940447123,0.030036143230167997,0.0025607956587407597
473,1.8010688883280173,0.030019024430735168,0.0025607956587407597
474,1.8046710261046732,0.030001871393703472,0.0025607956587407597
475,1.8082803681568826,0.029984684050597715,0.0025607956587407597
476,1.8118969288931963,0.029967462332805745,0.0025607956587407597
477,1.8155207227509826,0.02995020617157819,0.0025607956587407597
478,1.8191517641964845,0.02993291549802818,0.0025607956587407597
479,1.8227900677248774,0.02991559024313107,0.0025607956587407597
480,1.8264356478603272,0.029898230337724166,0.0025607956587407597
481,1.8300885191560479,0.029880835712506448,0.0025607956587407597
482,1.8337486961943599,0.029863406298038294,0.0025607956587407597
483,1.8374161935867486,0.029845942024741206,0.0025607956587407597
484,1.8410910259739222,0.02982844282289752,0.0025607956587407597
485,1.84477320802587,0.02981090862265015,0.0025607956587407597
486,1.8484627544419219,0.029793339354002284,0.0025607956587407597
487,1.8521596799508058,0.029775734946817123,0.0025607956587407597
488,1.8558639993107073,0.02975809533081759,0.0025607956587407597
489,1.8595757273093287,0.02974042043558606,0.0025607956587407597
490,1.8632948787639474,0.029722710190564067,0.0025607956587407597
491,1.8670214685214752,0.02970496452505203,0.0025607956587407597
492,1.8707555114585181,0.02968718336820897,0.0025607956587407597
493,1.8744970224814352,0.02966936664905222,0.0025607956587407597
494,1.878246016526398,0.029651514296457158,0.0025607956587407597
495,1.882002508559451,0.029633626239156906,0.0025607956587407597
496,1.8857665135765698,0.029615702405742055,0.0025607956587407597
497,1.8895380466037228,0.029597742724660373,0.0025607956587407597
498,1.8933171226969303,0.02957974712421653,0.0025607956587407597
499,1.8971037569423241,0.029561715532571798,0.0025607956587407597
500,1.9008979644562087,0.029543647877743776,0.0025607956587407597
501,1.9046997603851212,0.029525544087606097,0.0025607956587407597
502,1.9085091599058914,0.029507404089888143,0.0025607956587407597
503,1.9123261782257033,0.029489227812174754,0.0025607956587407597
504,1.9161508305821546,0.029471015181905938,0.0025607956587407597
505,1.919983132243319,0.029452766126376585,0.0025607956587407597
506,1.9238230985078055,0.029434480572736173,0.0025607956587407597
507,1.9276707447048211,0.02941615844798848,0.0025607956587407597
508,1.9315260861942307,0.029397799678991293,0.0025607956587407597
509,1.935389138366619,0.029379404192456108,0.0025607956587407597
510,1.9392599166433524,0.029360971914947853,0.0025607956587407597
511,1.943138436476639,0.029342502772884582,0.0025607956587407597
512,1.9470247133495924,0.029323996692537185,0.0025607956587407597
513,1.9509187627762916,0.029305453600029095,0.0025607956587407597
514,1.9548206003018442,0.02928687342133599,0.0025607956587407597
515,1.958730241502448,0.029268256082285494,0.0025607956587407597
516,1.9626477019854527,0.029249601508556898,0.0025607956587407597
517,1.9665729973894235,0.029230909625680847,0.0025607956587407597
518,1.9705061433842024,0.029212180359039042,0.0025607956587407597
519,1.9744471556709708,0.029193413633863956,0.0025607956587407597
520,1.9783960499823128,0.029174609375238518,0.0025607956587407597
521,1.9823528420822774,0.02915576750809583,0.0025607956587407597
522,1.9863175477664419,0.029136887957218853,0.0025607956587407597
523,1.9902901828619748,0.029117970647240126,0.0025607956587407597
524,1.9942707632276988,0.02909901550264144,0.0025607956587407597
525,1.9982593047541541,0.029080022447753557,0.0025607956587407597
526,2.0022558233636625,0.029060991406755898,0.0025607956587407597
527,2.00626033501039,0.029041922303676245,0.0025607956587407597
528,2.0102728556804106,0.029022815062390434,0.0025607956587407597
529,2.0142934013917713,0.029003669606622047,0.0025607956587407597
530,2.018321988194555,0.028984485859942125,0.0025607956587407597
531,2.022358632170944,0.028965263745768844,0.0025607956587407597
532,2.026403349435286,0.028946003187367217,0.0025607956587407597
533,2.0304561561341568,0.028926704107848786,0.0025607956587407597
534,2.034517068446425,0.02890736643017132,0.0025607956587407597
535,2.038586102583318,0.028887990077138496,0.0025607956587407597
536,2.0426632747884845,0.028868574971399608,0.0025607956587407597
537,2.0467486013380616,0.028849121035449243,0.0025607956587407597
538,2.0508420985407376,0.028829628191626974,0.0025607956587407597
539,2.054943782737819,0.028810096362117062,0.0025607956587407597
540,2.0590536703032947,0.02879052546894813,0.0025607956587407597
541,2.0631717776439014,0.02877091543399286,0.0025607956587407597
542,2.067298121199189,0.02875126617896768,0.0025607956587407597
543,2.071432717441587,0.028731577625432447,0.0025607956587407597
544,2.0755755828764704,0.028711849694790147,0.0025607956587407597
545,2.0797267340422234,0.02869208230828656,0.0025607956587407597
546,2.083886187510308,0.028672275387009966,0.0025607956587407597
547,2.0880539598853285,0.02865242885189082,0.0025607956587407597
548,2.092230067805099,0.028632542623701435,0.0025607956587407597
549,2.096414527940709,0.028612616623055673,0.0025607956587407597
550,2.1006073569965906,0.02859265077040862,0.0025607956587407597
551,2.104808571710584,0.028572644986056273,0.0025607956587407597
552,2.109018188854005,0.028552599190135218,0.0025607956587407597
553,2.113236225231713,0.028532513302622322,0.0025607956587407597
554,2.117462697682176,0.0285123872433344,0.0025607956587407597
555,2.1216976230775404,0.028492220931927905,0.0025607956587407597
556,2.1259410183236955,0.028472014287898594,0.0025607956587407597
557,2.130192900360343,0.028451767230581227,0.0025607956587407597
558,2.1344532861610634,0.028431479679149226,0.0025607956587407597
559,2.1387221927333857,0.02841115155261436,0.0025607956587407597
560,2.1429996371188524,0.02839078276982642,0.0025607956587407597
561,2.1472856363930903,0.02837037324947291,0.0025607956587407597
562,2.1515802076658765,0.02834992291007869,0.0025607956587407597
563,2.1558833680812084,0.02832943167000568,0.0025607956587407597
564,2.160195134817371,0.02830889944745253,0.0025607956587407597
565,2.1645155250870056,0.028288326160454267,0.0025607956587407597
566,2.1688445561371794,0.02826771172688201,0.0025607956587407597
567,2.173182245249454,0.028247056064442607,0.0025607956587407597
568,2.177528609739953,0.028226359090678325,0.0025607956587407597
569,2.1818836669594326,0.028205620722966517,0.0025607956587407597
570,2.1862474342933513,0.028184840878519284,0.0025607956587407597
571,2.190619929161938,0.028164019474383156,0.0025607956587407597
572,2.1950011690202618,0.028143156427438757,0.0025607956587407597
573,2.199391171358302,0.02812225165440047,0.0025607956587407597
574,2.2037899537010186,0.028101305071816105,0.0025607956587407597
575,2.2081975336084207,0.028080316596066572,0.0025607956587407597
576,2.2126139286756374,0.02805928614336554,0.0025607956587407597
577,2.2170391565329886,0.028038213629759105,0.0025607956587407597
578,2.2214732348460546,0.02801709897112546,0.0025607956587407597
579,2.2259161813157466,0.027995942083174543,0.0025607956587407597
580,2.2303680136783783,0.027974742881447728,0.0025607956587407597
581,2.234828749705735,0.027953501281317458,0.0025607956587407597
582,2.2392984072051467,0.027932217197986928,0.0025607956587407597
583,2.243777004019557,0.027910890546489736,0.0025607956587407597
584,2.248264558027596,0.02788952124168955,0.0025607956587407597
585,2.252761087143651,0.027868109198279763,0.0025607956587407597
586,2.2572666093179383,0.027846654330783156,0.0025607956587407597
587,2.261781142536574,0.027825156553551555,0.0025607956587407597
588,2.266304704821647,0.027803615780765494,0.0025607956587407597
589,2.2708373142312905,0.02778203192643386,0.0025607956587407597
590,2.275378988859753,0.027760404904393562,0.0025607956587407597
591,2.2799297468374724,0.027738734628309183,0.0025607956587407597
592,2.2844896063311473,0.027717021011672636,0.0025607956587407597
593,2.2890585855438097,0.027695263967802815,0.0025607956587407597
594,2.293636702714897,0.027673463409845254,0.0025607956587407597
595,2.298223976120327,0.027651619250771777,0.0025607956587407597
596,2.3028204240725674,0.027629731403380153,0.0025607956587407597
597,2.3074260649207123,0.02760779978029375,0.0025607956587407597
598,2.312040917050554,0.02758582429396117,0.0025607956587407597
599,2.316664998884655,0.027563804856655928,0.0025607956587407597
600,2.321298328882424,0.027541741380476072,0.0025607956587407597
601,2.325940925540189,0.027519633777343858,0.0025607956587407597
602,2.3305928073912696,0.02749748195900538,0.0025607956587407597
603,2.3352539930060523,0.027475285837030225,0.0025607956587407597
604,2.3399245009920646,0.02745304532281112,0.0025607956587407597
605,2.3446043499940488,0.027430760327563575,0.0025607956587407597
606,2.3492935586940367,0.027408430762325537,0.0025607956587407597
607,2.3539921458114246,0.02738605653795702,0.0025607956587407597
608,2.3587001301030472,0.02736363756513977,0.0025607956587407597
609,2.3634175303632534,0.027341173754376884,0.0025607956587407597
610,2.36814436542398,0.02731866501599247,0.0025607956587407597
611,2.372880654154828,0.02729611126013129,0.0025607956587407597
612,2.3776264154631375,0.027273512396758386,0.0025607956587407597
613,2.3823816682940637,0.027250868335658738,0.0025607956587407597
614,2.3871464316306517,0.02722817898643689,0.0025607956587407597
615,2.391920724493913,0.027205444258516596,0.0025607956587407597
616,2.396704565942901,0.027182664061140463,0.0025607956587407597
617,2.401497975074787,0.027159838303369578,0.0025607956587407597
618,2.406300971024937,0.027136966894083153,0.0025607956587407597
619,2.4111135729669866,0.027114049741978154,0.0025607956587407597
620,2.4159358001129205,0.027091086755568945,0.0025607956587407597
621,2.4207676717131466,0.027068077843186916,0.0025607956587407597
622,2.425609207056573,0.027045022912980124,0.0025607956587407597
623,2.430460425470686,0.02702192187291292,0.0025607956587407597
624,2.4353213463216274,0.02699877463076558,0.0025607956587407597
625,2.4401919890142705,0.026975581094133942,0.0025607956587407597
626,2.445072372992299,0.026952341170429044,0.0025607956587407597
627,2.4499625177382836,0.026929054766876737,0.0025607956587407597
628,2.45486244277376,0.026905721790517326,0.0025719276395978984
629,2.459772167659308,0.026882342148205195,0.002583645567674425
630,2.4646917119946266,0.02685891574660844,0.0025959760898090437
631,2.4696210954186157,0.02683544249220849,0.0026089468429356145
632,2.474560337609453,0.026811922291299743,0.0026225864804216214
633,2.479509458284672,0.026788355049989176,0.002636924698662322
634,2.4844684772012413,0.02676474067419599,0.002651992263921596
635,2.4894374141556437,0.026741079069651216,0.002667821039408225
636,2.494416288983955,0.026717370141897352,0.002684444012569205
637,2.499405121561923,0.02669361379628798,0.0027018953225719975
638,2.504403931805047,0.026669809937987392,0.002720210287964401
639,2.5094127396686567,0.0266459584719702,0.002739425434494311
640,2.5144315651479943,0.026622059303020973,0.0027595785230746495
641,2.51946042827829,0.02659811233573385,0.002780708577867113
642,2.524499349134847,0.026574117474512153,0.0028028559144597613
643,2.5295483478331167,0.026550074623568013,0.002826062168121746
644,2.534607444528783,0.026525983686921984,0.0028503703221131596
645,2.5396766594178404,0.026501844568402662,0.002875824736029438
646,2.544756012736676,0.026477657171646303,0.002902471174156807
647,2.5498455247621497,0.02645342140009643,0.0029303568338076087
648,2.554945215811674,0.026429137157003457,0.0029595303736149265
649,2.560055106243297,0.026404804345424297,0.0029900419417619446
650,2.5651752164557835,0.02638042286822198,0.0030219432041202502
651,2.570305566888695,0.026355992628065258,0.003055287372271809
652,2.575446178022472,0.026331513527428223,0.0030901292313887507
653,2.5805970703785173,0.026306985468589915,0.003126525167938469
654,2.5857582645192743,0.026282408353633928,0.003164533197188701
655,2.5909297810483127,0.02625778208444803,0.0032042129904850955
656,2.596111640610409,0.02623310656272376,0.0032456259022726705
657,2.60130386389163,0.02620838168995604,0.00328883499683216
658,2.6065064716194133,0.026183607367442786,0.003333905074702013
659,2.611719484562652,0.026158783496284504,0.0033809026987574892
660,2.6169429235317776,0.026133909977383907,0.0034298962199150423
661,2.6221768093788413,0.026108986711445507,0.0034809558024313206
662,2.627421162997599,0.026084013598975234,0.0035341534487674845
663,2.632676005323594,0.02605899054028002,0.00358956302398825
664,2.6379413573342414,0.026033917435467412,0.003647260279664877
665,2.64321724004891,0.026008794184445183,0.0037073228772512025
666,2.648503674529008,0.025983620686920908,0.003769830410901713
667,2.653800681878066,0.025958396842401584,0.003834864429700618
668,2.6591082832418222,0.02593312255019322,0.0039025084592708504
669,2.664426499808306,0.02590779770940044,0.0039728480227320985
670,2.6697553528079228,0.025882422218926077,0.004045970660976828
671,2.6750948635135385,0.025856995977470765,0.004121965952232897
672,2.6804450532405655,0.02583151888353254,0.004200925530882354
673,2.6858059433470465,0.02580599083540644,0.004282943105505889
674,2.6911775552337405,0.025780411731184085,0.004368114476122519
675,2.696559910344208,0.025754781468753287,0.004456537550594377
676,2.7019530301648964,0.02572909994579763,0.004548312360166708
677,2.707356936225226,0.025703367059796058,0.0046435410741135314
678,2.7127716500976766,0.025677582708022485,0.004742328013459781
679,2.718197193397872,0.025651746787545365,0.004844779663751098
680,2.7236335877846676,0.02562585919522729,0.004951004686842937
681,2.729080854960237,0.02559991982772458,0.005061113931681069
682,2.7345390166701575,0.02557392858148686,0.005175220444046104
683,2.740008094703498,0.02554788535275667,0.005293439475235187
684,2.745488110892905,0.025521790037569016,0.005415888489654604
685,2.7509790871146906,0.02549564253175099,0.005542687171297654
686,2.75648104528892,0.025469442730921325,0.005673957429082792
687,2.761994007379498,0.025443190530490004,0.0058098234010277435
688,2.767517995394257,0.025416885825657817,0.0059504114572359965
689,2.7730530313850457,0.025390528511415968,0.006095850201672855
690,2.7785991374478156,0.025364118482545633,0.0062462704727089995
691,2.7841563357227113,0.02533765563361756,0.00640180534241034
692,2.7897246483941567,0.025311139858991628,0.00656259011455379
693,2.795304097690945,0.025284571052816444,0.006728762321349474
694,2.8008947058863267,0.025257949109028913,0.00690046171885078
695,2.8064964952980995,0.025231273921353804,0.007077830281034628
696,2.8121094882886957,0.025204545383303346,0.007261012192535274
697,2.817733707265273,0.025177763388176788,0.007450153840015969
698,2.8233691746798035,0.025150927829059977,0.00764540380216381
699,2.829015913029163,0.025124038598824932,0.007846912838294157
700,2.834673944855221,0.025097095590129417,0.008054833875552074
701,2.8403432927449317,0.02507009869541651,0.008269321994699298
702,2.8460239793304214,0.02504304780691418,0.008490534414476406
703,2.8517160272890822,0.025015942816634842,0.008718630474530911
704,2.8574194593436606,0.024988783616374948,0.008953771616903224
705,2.8631342982623478,0.024961570097714533,0.009196121366063532
706,2.8688605668588725,0.024934302152016797,0.009445845307493598
707,2.8745982879925904,0.024906979670427664,0.009703111064808917
708,2.8803474845685755,0.024879602543875355,0.009968088275418134
709,2.886108179537713,0.02485217066306994,0.010240948564717436
710,2.8918803958967882,0.024824683918502913,0.01052186551881898
711,2.897664156688582,0.024797142200446754,0.010811014655813645
712,2.9034594850019593,0.02476954539895448,0.011108573395569647
713,2.909266403971963,0.024741893403859225,0.011414721028069782
714,2.915084936779907,0.02471418610477378,0.011729638680291343
715,2.920915106653467,0.02468642339109016,0.012053509281633979
716,2.9267569368667736,0.024658605151979172,0.012386517527901786
717,2.932610450740507,0.024630731276389966,0.012728849843845159
718,2.938475671641988,0.02460280165304958,0.013080694344273763
719,2.944352622985272,0.024574816170462515,0.013442240793751786
720,2.9502413282312427,0.024546774716910275,0.013813680564885937
721,2.956141810887705,0.02451867718045093,0.0141952065952189
722,2.9620540945094804,0.024490523448918666,0.014587013342742238
723,2.9679782026984993,0.024462313409923338,0.014989296740043897
724,2.9739141591038964,0.024434046950850018,0.015402254147105282
725,2.979861987422104,0.024405723958858552,0.015826084302759617
726,2.9858217113969485,0.024377344320883104,0.016260987274840235
727,2.9917933548197424,0.024348907923631705,0.016707164409037717
728,2.997776941529382,0.024320414653585802,0.017164818276484892
729,3.003772495412441,0.024291864396999808,0.017634152620091884
730,3.0097800404032657,0.02426325703990064,0.018115372299654237
731,3.015799600484072,0.024234592468087277,0.01860868323574842
732,3.02183119968504,0.024205870567130285,0.019114292352445068
733,3.0278748620844103,0.02417709122237138,0.019632407518880627
734,3.033930611808579,0.024148254318922955,0.020163237489706404
735,3.0399984730321963,0.024119359741667633,0.020706991844442902
736,3.046078469978261,0.0240904073752578,0.02126388092576593
737,3.052170626918217,0.024061397104115152,0.021834115776734733
738,3.0582749681720536,0.024032328812430215,0.022417908077023773
739,3.0643915181083976,0.024003202384161912,0.02301547007819287
740,3.0705203011446143,0.02397401770303707,0.0236270145380189
741,3.0766613417469033,0.023944774652549978,0.02425275465391995
742,3.0828146644303973,0.023915473115961913,0.02489290399547643
743,3.088980293759258,0.02388611297630067,0.025547676436123653
744,3.0951582543467766,0.023856694116360107,0.026217286084064206
745,3.10134857085547,0.02382721641869966,0.026901947212419123
746,3.1075512679971813,0.023797679765643894,0.027601874188640997
747,3.1137663705331757,0.023768084039282017,0.028317281403195463
748,3.119993903274242,0.023738429121467414,0.02904838319762878
749,3.1262338910807905,0.023708714893817182,0.02979539379203975
750,3.132486358862952,0.02367894123771165,0.030558527211978728
751,3.1387513315806777,0.02364910803429391,0.03133799721475914
752,3.145028834243839,0.023619215164469333,0.032134017215292625
753,3.1513188919123265,0.023589262508905105,0.03294680021151497
754,3.157621529696151,0.02355924994802975,0.03377655870940457
755,3.1639367727555436,0.023529177362032642,0.03462350464756771
756,3.170264646301055,0.023499044630863542,0.03548784932150431
757,3.176605175593657,0.023468851634232103,0.036369803307649384
758,3.1829583859448443,0.023438598251607403,0.03726957638717158
759,3.189324302716734,0.023408284362217452,0.038187377469483946
760,3.1957029513221675,0.02337790984504872,0.039123414515634565
761,3.2020943572248117,0.023347474578845652,0.04007789446164579
762,3.2084985459392614,0.023316978442110177,0.041051023141754565
763,3.21491554303114,0.02328642131310123,0.04204300521152409
764,3.2213453741172025,0.02325580306983427,0.04305404407107175
765,3.227788064865437,0.023225123590080773,0.04408434178838962
766,3.234243640995168,0.02319438275136777,0.045134099022660516
767,3.240712128277158,0.02316358043097734,0.046203514947713596
768,3.2471935525337123,0.02313271650594613,0.04729278717577955
769,3.25368793963878,0.023101790853064855,0.04840211168142302
770,3.2601953155180574,0.02307080334887782,0.049531682725627746
771,3.2667157061490935,0.02303975386968241,0.05068169278034392
772,3.2732491375613915,0.02300864229152861,0.05185233245339642
773,3.279795635836514,0.022977468490218502,0.05304379041361908
774,3.2863552271081873,0.022946232341305772,0.054256253316552504
775,3.292927937562404,0.022914933720095218,0.055489905730682
776,3.2995137934375287,0.022883572501642243,0.056744930064006306
777,3.3061128210244037,0.02285214856075236,0.0580215064912552
778,3.3127250466664524,0.0228206617719807,0.05931981288180905
779,3.3193504967597853,0.022789112009631497,0.06064002472805224
780,3.3259891977533047,0.022757499147757595,0.061982315074482236
781,3.3326411761488113,0.022725823060159946,0.06334685444765278
782,3.3393064585011087,0.0226940836203871,0.06473381078664005
783,3.3459850714181107,0.02266228070173471,0.0661433493744068
784,3.352677041560947,0.022630414177245012,0.067575632770092
785,3.3593823956440687,0.022598483919706334,0.06903082074190557
786,3.366101160435357,0.02256648980165258,0.07050907020109827
787,3.3728333627562277,0.02253443169536272,0.07201053513688678
788,3.3795790294817403,0.02250230947286028,0.07353536655209864
789,3.3863381875407037,0.022470123005912834,0.07508371240007099
790,3.393110863915785,0.022437872166031495,0.07665571752245948
791,3.399897085643617,0.02240555682447039,0.07825152358798021
792,3.406696879814904,0.022373176852226166,0.07987126903249964
793,3.413510273574534,0.022340732120037454,0.08151508899997077
794,3.4203372941216834,0.022308222498384364,0.08318311528461857
795,3.427177968709927,0.02227564785748797,0.08487547627439804
796,3.4340323246473465,0.022243008067309777,0.08659229689536681
797,3.440900389296641,0.02221030299755123,0.08833369855758325
798,3.4477821900752343,0.022177532517653167,0.09009979910205335
799,3.4546777544553846,0.022144696496795308,0.09189071274894535
800,3.461587109964295,0.022111794803895732,0.0937065500472841
801,3.468510284184224,0.022078827307610356,0.09554741782564616
802,3.4754473047525924,0.02204579387633241,0.09741341914450288
803,3.482398199362098,0.02201269437819191,0.09930465324970743
804,3.489362995760822,0.02197952868105513,0.10122121552739813
805,3.496341721752344,0.021946296652524074,0.10316319746042234
806,3.5033344051958486,0.021912998159935956,0.10513068658590391
807,3.51034107400624,0.021879633070362663,0.1071237664545624
808,3.5173617561542527,0.021846201250610223,0.10914251659116407
809,3.5243964796665614,0.02181270256721828,0.11118701245665329
810,3.5314452726258945,0.02177913688645955,0.11325732541165086
811,3.538508163171146,0.0217455040743393,0.11535352268140071
812,3.5455851794974884,0.021711803996594815,0.1174756673223637
813,3.5526763498564833,0.02167803651869484,0.11962381819006812
814,3.5597817025561964,0.021644201505839063,0.1217980299087737
815,3.5669012659613086,0.021610298822957577,0.12399835284234549
816,3.5740350684932314,0.021576328334710328,0.12622483306694543
817,3.5811831386302178,0.021542289905486584,0.1284775123450248
818,3.5883455049074784,0.02150818339940439,0.13075642810102878
819,3.5955221959172934,0.021474008680310033,0.1330616133985508
820,3.6027132403091278,0.02143976561177749,0.13539309691906745
821,3.609918666789746,0.02140545405710788,0.1377509029422619
822,3.6171385041233255,0.02137107387932893,0.14013505132781798
823,3.624372781131572,0.021336624941194423,0.1425455574989017
824,3.631621526693835,0.021302107105183647,0.14498243242704084
825,3.638884769747223,0.02126752023350085,0.14744568261874577
826,3.6461625392867174,0.021232864188074685,0.14993531010349115
827,3.653454864365291,0.02119813883055767,0.1524513124234549
828,3.6607617740940213,0.021163344022325618,0.15499368262460564
829,3.6680832976422093,0.021128479624477104,0.15756240924953796
830,3.6754194642374935,0.02109354549783289,0.1601574763316571
831,3.6827703031659684,0.02105854150293539,0.1627788633910861
832,3.6901358437723,0.021023467500048097,0.16542654543192906
833,3.6975161154598446,0.020988323349155028,0.16810049294122223
834,3.704911147690764,0.02095310890996017,0.17080067188924905
835,3.7123209699861457,0.020917824041886926,0.17352704373150152
836,3.719745611926118,0.020882468604077536,0.17627956541201395
837,3.7271851031499703,0.020847042455392525,0.17905818936829496
838,3.7346394733562702,0.020811545454410146,0.1818628635376411
839,3.7421087523029826,0.0207759774594258,0.18469353136499392
840,3.7495929698075887,0.020740338328451485,0.1875501318121884
841,3.7570921557472037,0.02070462791921522,0.19043259936868553
842,3.764606340058698,0.020668846089160486,0.19334086406370268
843,3.7721355527388156,0.02063299269544564,0.19627485147977025
844,3.7796798238442935,0.020597067594943366,0.19923448276768163
845,3.787239183491982,0.020561070644240086,0.2022196746628223
846,3.794813661858966,0.0205250016996354,0.20523033950286768
847,3.802403289182684,0.020488860617141506,0.2082663852468319
848,3.810008095761049,0.020452647252482622,0.21132771549543547
849,3.8176281119525712,0.02041636146109442,0.21441422951281502
850,3.8252633681764765,0.020380003098123444,0.21752582224948547
851,3.8329138949128296,0.020343572018426525,0.22066238436663493
852,3.8405797227026555,0.020307068076570213,0.22382380226161938
853,3.8482608821480606,0.020270491126830187,0.22700995809474475
854,3.8559574039123565,0.02023384102319068,0.23022072981724306
855,3.863669318720181,0.020197117619343896,0.2334559912004334
856,3.8713966573576215,0.020160320768689417,0.23671561186612003
857,3.8791394506723367,0.02012345032433363,0.23999945731804162
858,3.8868977295736813,0.020086506139089133,0.2433073889745915
859,3.8946715250328285,0.020049488065474144,0.24663926420251264
860,3.902460868082894,0.020012395955711925,0.24999493635178582
861,3.91026578981906,0.01997522966173018,0.2533742547915523
862,3.918086321398698,0.019937989035160475,0.25677706494702485
863,3.9259224940414956,0.01990067392733763,0.26020320833756483
864,3.9337743390295787,0.01986328418929914,0.2636525226155649
865,3.941641887707638,0.019825819671784574,0.2671248416064895
866,3.949525171483053,0.01978828022523498,0.27061999534976244
867,3.957424221826019,0.019750665699792284,0.27413781014055855
868,3.965339070269671,0.0197129759452987,0.27767810857265446
869,3.9732697484102104,0.019675210811296133,0.2812407095819278
870,3.981216287907031,0.01963737014702556,0.28482542849092374
871,3.989178720482845,0.019599453801426445,0.2884320770541554
872,3.9971570779238106,0.01956146162313613,0.29206046350413195
873,4.005151392079658,0.019523393460489237,0.295710392598396
874,4.013161694863817,0.01948524916151705,0.2993816656670548
875,4.021188018253545,0.01944702857394692,0.30307408066119523
876,4.029230394290052,0.019408731545201646,0.3067874322020501
877,4.037288855078632,0.019370357922398884,0.31052151163062347
878,4.04536343278879,0.019331907552350515,0.31427610705824804
879,4.053454159654367,0.01929338028156205,0.31805100341762077
880,4.061561067973676,0.01925477595623201,0.3218459825143609
881,4.069684190109623,0.019216094422251306,0.32566082307942734
882,4.077823558489842,0.019177335525202642,0.3294953008218203
883,4.085979205606822,0.01913849911035988,0.3333491884818745
884,4.094151164018036,0.019099585022687434,0.3372222558852609
885,4.102339466346072,0.019060593106839642,0.34111426999717237
886,4.110544145278764,0.019021523207160156,0.34502499497711814
887,4.118765233569322,0.01898237516768131,0.3489541922342748
888,4.127002764036461,0.018943148832123505,0.3529016204829599
889,4.135256769564534,0.018903844043894585,0.3568670357986842
890,4.143527283103663,0.01886446064608921,0.36085019167464316
891,4.151814337669871,0.018824998481488223,0.36485083907827226
892,4.160117966345211,0.018785457392558033,0.3688687265083148
893,4.168438202277901,0.018745837221449985,0.3729036000522583
894,4.176775078682457,0.018706137809999718,0.3769552034437644
895,4.185128628839822,0.018666358999726552,0.3810232781205134
896,4.193498886097501,0.01862650063183284,0.38510756328239515
897,4.201885883869696,0.01858656254720334,0.3892077959496149
898,4.210289655637435,0.01854654458640458,0.3933237110210825
899,4.21871023494871,0.018506446589684224,0.39745504133316106
900,4.227147655418608,0.018466268396970426,0.4016015177182649
901,4.235601950729445,0.0184260098478712,0.405762869063582
902,4.244073154630904,0.018385670781673778,0.4099388223701573
903,4.252561300940165,0.01834525103734396,0.41412910281181875
904,4.2610664235420455,0.018304750453525483,0.41833343379406107
905,4.269588556389129,0.018264168868539366,0.4225515370131978
906,4.278127733501908,0.01822350612038328,0.4267831325154728
907,4.286683988968911,0.01818276204673088,0.43102793875595746
908,4.295257356946849,0.018141936484931176,0.43528567265752544
909,4.303847871660743,0.018101029272007872,0.4395560496699595
910,4.312455567404064,0.018060040244658723,0.4438387838287361
911,4.321080478538872,0.018018969239254876,0.4481335878136892
912,4.32972263949595,0.01797781609184022,0.45244017300778483
913,4.338382084774942,0.017936580638130736,0.45675824955571387
914,4.347058848944492,0.017895262713513833,0.461087526422165
915,4.355752966642381,0.017853862153047694,0.46542771144998757
916,4.364464472575666,0.017812378791460623,0.46977851141838906
917,4.373193401520817,0.01777081246315038,0.47413963210074667
918,4.381939788323859,0.017729163002183513,0.4785107783221259
919,4.390703667900507,0.017687430242294713,0.482891654016663
920,4.399485075236307,0.017645614016886135,0.48728196228485365
921,4.40828404538678,0.017603714159026743,0.4916814054503748
922,4.417100613477554,0.01756173050145163,0.49608968511659335
923,4.425934814704509,0.01751966287656137,0.5005065022228816
924,4.434786684333918,0.01747751111642133,0.5049315571007466
925,4.443656257702586,0.017435275052761004,0.50936454952945
926,4.452543570217991,0.01739295451697336,0.5138051787912681
927,4.461448657358427,0.017350549340114138,0.5182531437264731
928,4.470371554673144,0.017308059352901202,0.5227081427880911
929,4.47931229778249,0.017265484385713837,0.5271698740961179
930,4.488270922378056,0.017222824268592098,0.5316380354913139
931,4.497247464222812,0.017180078831236116,0.5361123245886276
932,4.506241959151257,0.01713724790300542,0.5405924388303603
933,4.515254443069559,0.01709433131291827,0.5450780755388103
934,4.524284951955699,0.01705132888965094,0.5495689319684082
935,4.5333335218596105,0.017008240461537077,0.5540647053574148
936,4.54240018890333,0.016965065856566985,0.5585650929792526
937,4.551484989281136,0.016921804902386952,0.5630697921934272
938,4.560587959259698,0.016878457426298562,0.5675785004958469
939,4.5697091351782175,0.016835023255257993,0.5720909155686493
940,4.578848553448574,0.01679150221587534,0.576606735329548
941,4.588006250555471,0.016747894134413927,0.581125657980782
942,4.597182263056582,0.01670419883678959,0.5856473820575354
943,4.606376627582695,0.01666041614857,0.5901716064757544
944,4.615589380837861,0.016616545894973977,0.5946980305794408
945,4.624820559599536,0.01657258790087076,0.5992263541874243
946,4.634070200718735,0.016528541990779334,0.6037562776396825
947,4.643338341120173,0.016484407988867727,0.6082875018431002
948,4.652625017802413,0.016440185718952297,0.6128197283166035
949,4.661930267838018,0.016395875004497035,0.6173526592357385
950,4.671254128373694,0.016351475668612864,0.6218859974766912
951,4.680596636630441,0.016306987534056922,0.6264194466597833
952,4.689957829903702,0.01626241042323187,0.6309527111924405
953,4.6993377455635095,0.01621774415818517,0.6354854963115035
954,4.7087364210546365,0.016172988560608375,0.6400175081249498
955,4.718153893896746,0.016128143451836427,0.6445484536530312
956,4.7275902016845395,0.016083208652846934,0.6490780408688265
957,4.737045382087908,0.016038183984259463,0.6536059787382532
958,4.746519472852084,0.015993069266334817,0.6581319772594819
959,4.756012511797788,0.015947864318974322,0.6626557475016991
960,4.765524536821384,0.015902568961719106,0.6671770016432673
961,4.775055585895027,0.015857183013749377,0.6716954530092836
962,4.784605697066817,0.01581170629388371,0.6762108161085334
963,4.79417490846095,0.015766138620578313,0.680722806669863
964,4.803763258277872,0.015720479811926303,0.6852311416779663
965,4.813370784794428,0.01567472968565699,0.6897355394085136
966,4.822997526364016,0.015628888059135138,0.6942357194626632
967,4.8326435214167445,0.015582954749360244,0.6987314028009614
968,4.842308808459578,0.015536929572965798,0.703222311776631
969,4.851993426076497,0.015490812346218564,0.7077081701682474
970,4.86169741292865,0.015444602885017835,0.7121887032118223
971,4.871420807754507,0.015398301004894706,0.7166636376322838
972,4.881163649370016,0.01535190652101133,0.7211327016743112
973,4.890925976668757,0.015305419248160188,0.725595625132554
974,4.900707828622094,0.015258839000763342,0.730052139381241
975,4.910509244279338,0.015212165592871703,0.7345019774031785
976,4.920330262767897,0.015165398838164281,0.7389448738181399
977,4.930170923293433,0.015118538549947444,0.7433805649106485
978,4.9400312651400204,0.015071584541154174,0.7478087886571708
979,4.949911327670301,0.015024536624343316,0.7522292847527009
980,4.959811150325641,0.014977394611698837,0.756641794636725
981,4.969730772626292,0.01493015831502907,0.7610460615185854
982,4.979670234171545,0.014882827545765961,0.765441830402246
983,4.9896295746398875,0.014835402114964327,0.7698288481104626
984,4.999608833789168,0.01478788183330109,0.7742068633083605
985,5.0096080514567465,0.014740266511074527,0.7785756265264221
986,5.01962726755966,0.014692555958203509,0.7829348901828872
987,5.029666522094779,0.01464474998422675,0.7872844086055777
988,5.039725855138968,0.014596848398302038,0.7916239380531421
989,5.0498053068492466,0.014548851009205476,0.795953236735712
990,5.059904917462945,0.014500757625330723,0.8002720648349845
991,5.070024727297871,0.014452568054688218,0.8045801845237347
992,5.080164776752467,0.01440428210490443,0.8088773599847632
993,5.090325106305972,0.014355899583221072,0.8131633574292809
994,5.100505756518584,0.01430742029649435,0.817437945114737
995,5.110706768031621,0.014258844051194172,0.821700893362093
996,5.120928181567685,0.014210170653403395,0.8259519745725479
997,5.13117003793082,0.014161399908817035,0.8301909632437195
998,5.141432378006682,0.014112531622741504,0.834417635985286
999,5.1517152427626955,0.01406356560009382,0.8386317715340955
1000,5.1620186732482205,0.014014501645400843,0.8428331507687432
1001,5.172342710594717,0.013965339562798478,0.8470215567236197
1002,5.182687396015906,0.01391607915603091,0.8511967746024398
1003,5.193052770807938,0.013866720228449807,0.8553585917912566
1004,5.203438876349554,0.01381726258301354,0.8595067978709653
1005,5.213845754102254,0.013767706022286401,0.8636411846293026
1006,5.224273445610458,0.013718050348437809,0.8677615460723473
1007,5.234721992501679,0.013668295363241519,0.8718676784355271
1008,5.245191436486682,0.013618440868074837,0.8759593801941371
1009,5.255681819359655,0.013568486663917821,0.880036452073376
1010,5.266193182998374,0.013518432551352492,0.8840986970579058
1011,5.276725569364371,0.013468278330562031,0.8881459204009399
1012,5.2872790205030995,0.01341802380132999,0.8921779296328664
1013,5.297853578544106,0.013367668763039483,0.8961945345694121
1014,5.308449285701194,0.013317213014672397,0.9001955473193529
1015,5.319066184272597,0.013266656354808577,0.9041807822917767
1016,5.329704316641142,0.013215998581625027,0.9081500562029051
1017,5.3403637252744245,0.013165239492895112,0.9121031880824805
1018,5.351044452724973,0.013114378885987737,0.9160399992797226
1019,5.361746541630423,0.013063416557866548,0.9199603134688631
1020,5.372470034713684,0.013012352305089115,0.9238639566542625
1021,5.383214974783112,0.012961185923806127,0.9277507571751166
1022,5.393981404732678,0.012909917209760573,0.9316205457097594
1023,5.404769367542143,0.01285854595828693,0.9354731552795671
1024,5.4155789062772275,0.012807071964310338,0.9393084212524709
1025,5.426410064089782,0.012755495022345792,0.9431261813460847
1026,5.437262884217962,0.012703814926497319,0.9469262756304533
1027,5.448137409986398,0.012652031470457148,0.9507085465304284
1028,5.4590336848063705,0.012600144447504897,0.9544728388276783
1029,5.469951752175983,0.01254815365050674,0.9582189996623384
1030,5.480891655680335,0.012496058871914588,0.9619468785343072
1031,5.491853438991695,0.012443859903765252,0.9656563273041968
1032,5.5028371458696785,0.012391556537679616,0.9693472001939424
1033,5.513842820161418,0.01233914856486181,0.9730193537870772
1034,5.524870505801741,0.012286635776098367,0.9766726470286812
1035,5.535920246813344,0.012234017961757397,0.9803069412250079
1036,5.546992087306971,0.012181294911787746,0.9839221000427971
1037,5.5580860714815845,0.012128466415718157,0.9875179895082787
1038,5.569202243624548,0.012075532262656428,0.9910944780058762
1039,5.580340648111797,0.012022492241288575,0.994651436276614
1040,5.59150132940802,0.011969346139877986,0.9981887374162365
1041,5.602684332066836,0.011916093746264577,1.0017062568730448
1042,5.61388970073097,0.01186273484786394,1.0052038724454575
1043,5.625117480132432,0.011809269231666503,1.0086814642793027
1044,5.636367715092697,0.01175569668423667,1.0121389148648459
1045,5.647640450522882,0.011702016991711977,1.0155761090335624
1046,5.658935731423928,0.011648229939802236,1.0189929339546597
1047,5.670253602886776,0.011594335313788675,1.0223892791313545
1048,5.68159411009255,0.011540332898523086,1.0257650363969142
1049,5.692957298312735,0.011486222478426967,1.0291200999104668
1050,5.704343212909361,0.011432003837490656,1.032454366152585
1051,5.71575189933518,0.011377676759272471,1.0357677339206532
1052,5.72718340313385,0.01132324102689785,1.0390601043240228
1053,5.738637769940118,0.01126869642305848,1.0423313807789594
1054,5.750115045479998,0.011214042730011432,1.0455814690033927
1055,5.761615275570958,0.01115927972957829,1.0488102770114727
1056,5.7731385061221,0.011104407203144281,1.0520177151079377
1057,5.784684783134344,0.011049424931657404,1.0552036958823021
1058,5.796254152700613,0.010994332695627553,1.0583681342028692
1059,5.807846661006015,0.010939130275125643,1.0615109472105762
1060,5.819462354328027,0.010883817449782729,1.0646320543126746
1061,5.831101279036683,0.010828393998789128,1.0677313771762573
1062,5.842763481594757,0.01077285970089354,1.0708088397216329
1063,5.854449008557946,0.010717214334402161,1.0738643681155564
1064,5.866157906575062,0.0106614576771778,1.0768978907643227
1065,5.877890222388213,0.010605589506638992,1.0799093383067266
1066,5.889646002832989,0.010549609599759103,1.0828986436068977
1067,5.9014252948386545,0.010493517733065456,1.0858657417470141
1068,5.913228145428332,0.010437313682638422,1.088810570019903
1069,5.9250546017191885,0.010380997224110533,1.0917330679215314
1070,5.936904710922627,0.01032456813266559,1.0946331771433966
1071,5.948778520344472,0.010268026183037755,1.0975108415648183
1072,5.960676077385161,0.010211371149510665,1.1003660072451413
1073,5.972597429539931,0.01015460280591652,1.103198622415853
1074,5.984542624399011,0.010097720925635188,1.1060086374726206
1075,5.996511709647809,0.010040725281593292,1.1087960049672574
1076,6.008504733067104,0.009983615646263313,1.1115606795996196
1077,6.020521742533238,0.009926391791662674,1.1143026182094427
1078,6.032562786018304,0.009869053489352833,1.1170217797681214
1079,6.044627911590341,0.009811600510438374,1.1197181253704405
1080,6.056717167413522,0.009754032625566084,1.1223916182262599
1081,6.068830601748349,0.00969634960492405,1.1250422236521629
1082,6.080968262951846,0.009638551218240733,1.12766990906307
1083,6.093130199477749,0.00958063723478405,1.130274643963826
1084,6.105316459876705,0.009522607423360452,1.1328563999407673
1085,6.1175270927964585,0.009464461552314007,1.1354151506532706
1086,6.129762146982052,0.00940619938952547,1.1379508718252933
1087,6.142021671276016,0.009347820702411355,1.1404635412369093
1088,6.154305714618568,0.009289325257923012,1.1429531387158456
1089,6.166614326047805,0.009230712822545692,1.1454196461290265
1090,6.1789475546999,0.009171983162297618,1.1478630473741303
1091,6.1913054498093,0.009113136042729047,1.1502833283711646
1092,6.203688060708918,0.00905417122892134,1.1526804770540668
1093,6.2160954368303365,0.008995088485486018,1.1550544833623322
1094,6.228527627703997,0.008935887576563824,1.1574053392326804
1095,6.240984682959405,0.008876568265823786,1.1597330385907614
1096,6.253466652325323,0.008817130316462267,1.1620375773429101
1097,6.265973585629974,0.008757573491202026,1.1643189533679539
1098,6.278505532801233,0.008697897552291264,1.1665771665090783
1099,6.291062543866836,0.00863810226150268,1.168812218565759
1100,6.30364466895457,0.00857818738013252,1.1710241132857633
1101,6.316251958292479,0.008518152668999619,1.1732128563572288
1102,6.328884462209064,0.008457997888444452,1.1753784554008262
1103,6.341542231133483,0.008397722798328174,1.17752091996201
1104,6.35422531559575,0.008337327158031664,1.1796402615033648
1105,6.366933766226942,0.008276810726454562,1.1817364933970522
1106,6.379667633759396,0.008216173262014306,1.1838096309173662
1107,6.392426969026914,0.00815541452264517,1.185859691233401
1108,6.405211822964968,0.008094534265797294,1.1878866934018384
1109,6.418022246610898,0.008033532248435723,1.189890658359865
1110,6.430858291104119,0.00797240822703943,1.1918716089182222
1111,6.443720007686327,0.007911161957600343,1.1938295697543968
1112,6.4566074477017,0.007849793195622378,1.1957645674059565
1113,6.469520662597103,0.007788301696120457,1.1976766302640394
1114,6.482459703922297,0.007726687213619533,1.199565788567003
1115,6.495424623330141,0.007664949502153606,1.201432074394241
1116,6.508415472576801,0.0076030883152647475,1.203275521660178
1117,6.521432303521955,0.007541103406002112,1.2050961661084512
1118,6.534475168128999,0.0074789945269209505,1.2068940453062775
1119,6.547544118465257,0.007416761430081627,1.2086691986390188
1120,6.560639206702188,0.0073544038670486245,1.2104216673049486
1121,6.573760485115592,0.007291921588889556,1.2121514943102345
1122,6.586908006085824,0.007229314346174169,1.2138587244641421
1123,6.600081822097995,0.0071665818889733515,1.215543404374485
1124,6.613281985742192,0.007103723966858133,1.2172055824433086
1125,6.626508549713676,0.007040740328898684,1.218845308862814
1126,6.639761566813103,0.006977630723663315,1.2204626356115404
1127,6.653041089946729,0.0069143948992174764,1.2220576164508103
1128,6.666347172126622,0.006851032603122745,1.2236303069214556
1129,6.679679866470876,0.006787543582435825,1.225180764340859
1130,6.693039226203817,0.006723927583707531,1.2267090478002787
1131,6.706425304656225,0.0066601843529817805,1.2282152181624704
1132,6.7198381552655375,0.006596313635794578,1.2296993380596262
1133,6.733277831576069,0.0065323151771730014,1.2311614718916397
1134,6.746744387239221,0.006468188721634182,1.2326016858247362
1135,6.760237876013699,0.006403934013184284,1.2340200477904937
1136,6.773758351765727,0.0063395507953174874,1.2354166274851945
1137,6.787305868469258,0.006275038811014957,1.2367914963695503
1138,6.800880480206197,0.0062103978027438205,1.2381447276688156
1139,6.814482241166609,0.0061456275124561425,1.2394763963733189
1140,6.828111205648942,0.006080727681587889,1.2407865792394972
1141,6.84176742806024,0.006015698051057899,1.2420753547913388
1142,6.85545096291636,0.005950538361266849,1.243342803322248
1143,6.869161864842193,0.005885248352096217,1.2445890068973784
1144,6.882900188571877,0.005819827762907244,1.2458140493564573
1145,6.89666598894902,0.005754276332539892,1.2470180163172369
1146,6.910459320926918,0.0056885937993118064,1.2482009951794577
1147,6.924280239568772,0.005622779901017265,1.2493630751292972
1148,6.9381288000479096,0.005556834374926134,1.2505043471443782
1149,6.952005057648005,0.00549075695778282,1.2516249039993792
1150,6.9659090677633015,0.00542454738580522,1.2527248402724402
1151,6.979840885898828,0.005358205394683665,1.2538042523521729
1152,6.993800567670626,0.005291730719579866,1.2548632384452454
1153,7.007788168805968,0.00522512309512586,1.2559018985846524
1154,7.02180374514358,0.005158382255422946,1.2569203346387585
1155,7.035847352633867,0.005091507934040626,1.2579186503213677
1156,7.049919047339135,0.005024499864015542,1.2588969512024304
1157,7.064018885433813,0.004957357777850407,1.2598553447194876
1158,7.078146923204681,0.004890081407512943,1.2607939401899615
1159,7.09230321705109,0.004822670484434803,1.261712848824576
1160,7.1064878234851925,0.004755124739510507,1.2626121837419284
1161,7.1207007991321625,0.004687443903096362,1.263492059983767
1162,7.134942200730427,0.004619627705009389,1.2643525945312488
1163,7.149212085131888,0.004551675874526242,1.2651939063223556
1164,7.163510509302151,0.004483588140382129,1.2660161162709906
1165,7.1778375303207556,0.004415364230769728,1.2668193472870217
1166,7.192193205381397,0.004347003873338102,1.2676037242973712
1167,7.2065775917921595,0.004278506795191613,1.268369374268418
1168,7.220990746975744,0.00420987272288883,1.2691164262304069
1169,7.2354327284696955,0.0041411013824414426,1.2698450113034512
1170,7.249903593926635,0.00407219249931316,1.2705552627245915
1171,7.264403401114488,0.004003145798418621,1.2712473158764277
1172,7.278932207916717,0.0039339610041222925,1.2719213083180865
1173,7.29349007233255,0.003864637840237371,1.2725773798186262
1174,7.308077052477215,0.00379517603002468,1.2732156723916088
1175,7.32269320658217,0.003725575296191564,1.2738363303315843
1176,7.3373385929953345,0.0036558353608907813,1.2744395002534181
1177,7.352013270181325,0.0035859559457193974,1.2750253311350361
1178,7.366717296721688,0.0035159367717176706,1.2755939743615867
1179,7.381450731315131,0.00344577755936794,1.2761455837719835
1180,7.396213632777761,0.0033754780285935103,1.2766803157091617
1181,7.4110060600433165,0.0033050378987575318,1.2771983290748905
1182,7.425828072163403,0.003234456888661881,1.277699785386372
1183,7.44067972830773,0.003163734716546039,1.2781848488359473
1184,7.4555610877643455,0.0030928711000859656,1.2786536863560465
1185,7.470472209939874,0.003021865756392972,1.2791064676899402
1186,7.485413154359754,0.0029507184020125922,1.2795433654648265
1187,7.500383980668473,0.0028794287529234517,1.2799645552692467
1188,7.51538474862981,0.002807996524536133,1.2803702157384538
1189,7.53041551812707,0.0027364214316920395,1.280760528646614
1190,7.545476349163324,0.0026647031886622577,1.2811356790024184
1191,7.56056730186165,0.0025928415091464167,1.281495855151275
1192,7.575688436465374,0.002520836106271544,1.2818412488899316
1193,7.590839813338304,0.002448686692590921,1.2821720555882092
1194,7.606021492964981,0.0023763929800829373,1.2824884743165563
1195,7.621233535950911,0.0023039546801499377,1.2827907079850225
1196,7.636476003022813,0.002231371503617072,1.2830789635003756
1197,7.651748955028859,0.0021586431607311402,1.2833534519303018
1198,7.667052452938917,0.002085769361159437,1.2836143886784899
1199,7.6823865578447945,0.00201274981398859,1.2838619936821565
1200,7.697751330960484,0.0019395842277234014,1.2840964916309694
1201,7.713146833622405,0.0018662723102856825,1.2843181121968148
1202,7.72857312728965,0.001792813769013088,1.2845270902856616
1203,7.7440302735442295,0.0017192083106579486,1.2847236663308104
1204,7.759518334091318,0.0016454556413860988,1.2849080866069587
1205,7.775037370759501,0.0015715554667757054,1.2850806035687494
1206,7.79058744550102,0.001497507491816091,1.2852414762424924
1207,7.806168620392022,0.0014233114209065575,1.2853909706742532
1208,7.8217809576328055,0.001348966957855205,1.2855293604100928
1209,7.837424519548071,0.0012744738058777497,1.2856569270394906
1210,7.853099368587167,0.0011998316675963395,1.2857739608536236
1211,7.868805567324341,0.0011250402450383664,1.2858807615700474
1212,7.88454317845899,0.0010500992396352774,1.2859776391449296
